100 100 25 10
16 28 9
54 76 5
34 19 -1
19 53 5
35 79 4
67 58 4
34 6 10
11 1 9
10 33 9
54 91 3
11 40 -1
63 70 4
31 38 3
21 33 7
72 30 5
41 11 5
85 64 4
93 77 4
15 85 5
68 50 7
59 60 9
87 36 10
24 43 -1
60 56 9
76 73 9
35 70 4
./bomber 500 100 100
88 50 4
./bomber 500 100 100
30 30 4
./bomber 500 100 100
79 0 4
./bomber 500 100 100
95 71 4
./bomber 500 100 100
6 52 4
./bomber 500 100 100
10 70 4
./bomber 500 100 100
73 15 4
./bomber 500 100 100
19 67 4
./bomber 500 100 100
50 67 4
./bomber 500 100 100